30 0.002098
60 0.004793
70 0.005593
80 0.005941
170 0.012758
200 0.017439
240 0.018555
280 0.024250
300 0.027180
330 0.035324
370 0.029319
400 0.031076
420 0.036982
450 0.040137
500 0.045633
550 0.054139
600 0.062450
650 0.073624
700 0.093351
800 0.107062
850 0.147077
900 0.167345
950 0.179849
1000 0.280183
1050 0.255389
1100 0.207190
1200 0.231844
2000 0.460040
2100 0.474090
2200 0.479521
2300 0.497821
2400 0.501780
2500 0.512855
2700 0.542304
2800 0.551131
3000 0.556718
3100 0.575356
4000 0.628009
4100 0.637949
4500 0.655686
