30 0.001491
60 0.003414
70 0.003992
80 0.004184
170 0.009089
200 0.012456
240 0.013129
280 0.017217
300 0.019429
330 0.025151
370 0.021064
400 0.022218
420 0.026498
450 0.028662
500 0.032413
550 0.038713
600 0.044773
650 0.052756
700 0.066846
800 0.077282
850 0.105848
900 0.120612
950 0.129364
1000 0.202895
1050 0.184043
1100 0.149659
1200 0.167645
2000 0.342984
2100 0.355054
2200 0.359767
2300 0.373521
2400 0.379629
2500 0.386602
2700 0.410888
2800 0.419352
3000 0.424834
3100 0.442820
4000 0.490622
4100 0.497836
4500 0.516880
