30 0.001743
60 0.003988
70 0.004659
80 0.004910
170 0.010616
200 0.014532
240 0.015377
280 0.020137
300 0.022660
330 0.029382
370 0.024515
400 0.025911
420 0.030874
450 0.033443
500 0.037903
550 0.045145
600 0.052154
650 0.061467
700 0.077906
800 0.089767
850 0.123102
900 0.140186
950 0.150485
1000 0.235356
1050 0.213924
1100 0.173787
1200 0.194586
2000 0.392980
2100 0.406027
2200 0.411100
2300 0.426805
2400 0.432240
2500 0.440868
2700 0.467537
2800 0.476295
3000 0.481916
3100 0.500462
4000 0.550879
4100 0.559250
4500 0.578067
